69.2643
61.8689
-18.0717
40.5602
40.5931
65.5021
16.1236
32.3743333
32.3868333
-24.7991
18.6645
37.6544
69.5693
59.7785
-20.3151
-17.7914
-6.5872
36.2233
19.3881
-17.825
40.4086667
-10.5538
69.6079
-10.4828
4.9031
-10.5031
0.2915
35.9552
-1.5951
19.3793335
-10.4747
-10.4935
36.4583
18.9945
69.5663
18.8406
31.8586
18.8623
-10.4623
-10.4964
-0.6579
69.2196
-10.4753
-10.4914
19.8275
16.7622
36.5279
69.588
58.9806
61.3185
69.2064
-26.5579
-26.6217
-24.0784
-12.8234
34.0013333
53.7199
60.1324
-45.7624
-45.9068
53.2501
-9.165
12.9029
-24.0827
41.1393333
18.0228
59.6336
3.3661
-26.0776
57.1381
17.5611
18.8498
-26.6777
-26.5731
-0.0102
62.6057
-36.157
69.4178
18.9018
42.8596
69.024
18.776
69.2265
37.1861
42.0223333
18.8541
18.8035
64.2416
34.5426
18.8728
18.8556
36.7094
-5.7825
19.1373
35.9647
18.8701
19.5121667
19.5075
18.8058
18.8415
18.8648
18.8788
42.7717
18.9135
19.0303
18.8761
18.9241
51.5716
18.9161
18.7068
18.899
18.8981
13.0845
-1.2767
69.6185
34.002
-1.2875
19.5115
28.9185
35.0578
-18.3722
55.8929
56.0159
-28.5858
56.0286
2.4101
55.9544
42.5574
33.4963333
18.266
37.1749
18.9413
18.2233
-22.6116
-10.8299
60.3865
69.118
69.0371
20.3114
18.7618
61.5097
37.1738
19.425
-1.5199
65.5262
18.3443
-15.6404
65.4715
37.1798
5.0816
69.5084
19.5125
51.4504
36.4625
-19.0677
69.5571
40.2571
36.1973
44.1997
36.1736
1.5981
65.4637
63.2245
-1.4535
17.7373
68.7223
65.4698
42.7577
54.7534
58.9219
-1.504
-1.2664
-32.5212
-18.371
69.0957
61.4529
47.1076
-1.5727
32.3476667
40.9931
69.4276
55.1462
59.0089
64.0475
58.5316
-1.7787
-29.9932
-1.584
-1.3763
51.0925
-1.4274
-5.6511
-1.2892
-0.6983
35.7771667
0.0224
-0.0885
-1.4049
0.0223
-0.0361
-1.1164
15.0849
-0.4638
-0.4545
63.2872
69.6573
69.0684
-1.4933
-0.7541
-0.5107
-0.6736
-1.0625
-0.8871
0.0023
20.1385
-0.1781
-0.2621
0.8729
55.7054
-0.3423
55.9438
-0.3785
54.5399
35.045
-26.4839
-0.2058
-0.3976
43.5006
-26.5159
-26.5635
38.4315
19.0565
19.0128
-44.5147
56.3527
69.572
19.0545
69.6121
53.054
18.7891
37.044
-7.4532
-18.1652
-11.3478
56.4112
34.1968
56.203
69.4808
36.5506667
59.7185
14.6612
51.0066
-20.7885
55.5427
19.6618
-22.5499
-5.9279
17.3219
69.1763
19.5538
19.44
34.9731667
19.4718
19.5633
19.219
69.0729
69.0633
68.8949
26.9354
69.0663
69.0783
47.6379
-58.1943
36.7747
19.7458
59.9177
36.4602
18.8525
19.1055
-58.3979
56.5192
-28.0359
69.5905
51.4913
-6.9032
-8.3667
10.4112
10.4689
35.9595
20.0655
18.9033
-17.8506
59.357
36.2084
33.116
35.7296667
69.2219
69.4927
69.208
6.4047
-17.811
34.0626
-34.9665
54.3788
45.0342
-29.6214
67.7303
19.422
4.5421
-34.9437
-21.5088
-17.7389
56.0733
17.7583
69.5324
63.2533
-21.0605
69.5786
19.6895
-0.7365
56.2701
38.2775
41.2765
44.2491
36.1555
-20.3628
69.0652
69.5547
69.0295
18.7425
35.3596
19.253
69.5565
18.8016
19.2736
8.2408
-8.2293
69.4527
19.814
-15.2137
-18.0647
-7.5805
52.5412
-4.4966
19.1588
-25.2338
-15.3832
69.4923
68.7564
69.5854
-4.8786
69.5005
13.0795
-7.5678
59.8823
-33.1181
64.6278
-5.5857
-22.9031
19.334
-6.5727
7.4492
13.1491
13.1504
69.5786
-24.5049
2.0491
-29.0432
69.568
45.6766667
68.466
-18.6694
33.4951667
48.1512
68.4648
-21.4562
18.9341
68.4692
9.879
26.0845
18.6895
38.7348
19.231
18.697
16.5251
10.3338
67.6379
-24.3626
60.8549
62.9402
69.5368
9.6554
19.0875
35.9504
69.4846
69.5656
-6.0966
-60.6106
18.1008
-5.979
10.3327
58.2621
-17.8007
-24.5095
25.0248
-6.5521
-20.8867
-3.8017
36.6026667
42.2232
58.393
17.8413
42.6344
30.9011
18.0581
18.9388
19.5148
-15.7491
65.0241
18.2143
46.8837
-6.3004
19.4476
69.0732
11.1766
20.8294
32.9476
35.9782
-16.647
18.934
18.9885
33.7514
63.1273
62.9756
-17.6329
-21.12
18.2085
-21.9486
54.7483
69.509
-23.5046
52.2699
36.4966
37.4186
55.8698
-24.1709
19.396
58.7603
35.2249
19.146
42.4393
-15.4043
52.1529
0.849
-55.9299
-64.7117
-16.7853
-9.9772
-25.253
19.7141
29.3585
18.7563
52.3514
-24.3737
12.2161
19.7079
31.0178
-24.3482
-49.2579
-24.3368
29.5052
13.0616
35.5751667
18.6528
0.4874
18.7853
18.9058
-11.428
42.2996
69.3162
61.2997
19.0705
-9.0536
36.763
18.654
18.8063
38.4858333
61.3453
69.5626
-6.7903
-21.3268
69.6532
18.7233
68.9193
-18.9143
63.4071
-25.8955
-17.9429
33.622
-23.655
36.2777
68.5362
-0.9417
-22.6941
63.1217
38.0886667
26.6998
-4.4308
69.5395
-7.0584
45.1969
45.1707
37.4776667
19.2916
-8.1346
60.1466
19.0786
51.6328
18.7561
69.2671
19.1108
-20.0721
14.765
-0.9001
68.5181
18.706
-43.7511
19.3448333
19.2656
43.2167
-26.0168
19.018
42.4308333
-0.089
36.4742
2.4156
19.3381667
19.3313333
69.5864
11.0792
42.434
42.4528333
-37.759
19.4271667
-17.968
-6.3641
69.4556
18.9108
-17.8343
-17.9094
50.7664
62.0348
15.5868
19.4275
69.5354
19.0746
13.0882
-22.058
29.3957
18.2733
-16.1077
-22.113
26.7164
42.6891
14.8753
53.308
18.4496
63.3444
60.2783
-10.8873
18.9213
-5.8187
-18.2138
-7.7359
19.3951
26.7355
18.7926
-34.7565
19.4306
69.2211
-34.2804
18.1225
34.1016667
69.2054
18.9621
58.4111
37.2397
19.1136
18.9441
69.4976
14.6986
-14.8837
60.2546
39.8644
19.29
39.8886
-6.5013
-9.0604
-9.038
61.725
-9.0038
62.5719
17.0154
11.1577
4.4698
69.3797
69.5499
69.4831
69.4789
59.4145
-19.5396
38.2985
34.0115
69.5997
69.5599
-22.3944
19.3955
-21.0804
18.8716
69.4798
-39.7791
2.0473
69.0683
69.5795
13.2327
10.4759
54.009
40.5963333
68.8787
68.6935
59.8119
35.8409
68.8003
61.7171
12.424
56.2515
57.4229
-6.488
36.7055
-30.8755
-56.3386
-18.1573
-12.7695
59.3803
69.579
-39.6484
34.233
36.8861
-27.951
18.1113
51.3894
19.428
-8.4481
18.681
19.06
18.9831
35.7288
19.097
-4.8987
19.0835
19.0738
38.4621
19.0475
69.5148
19.4858
40.7094
19.509
56.2235
2.1748
69.3462
69.601
69.562
19.1681
69.5136
-20.5219
-8.3287
-37.8692
19.0355
-7.4354
-30.0669
42.5794
68.742
19.2826
36.0211
5.341
-24.637
-37.811
-8.2649
-24.4279
44.6671
18.117
19.0991
34.6418
34.609
69.5343
18.8503
32.2646667
59.9741
-17.6209
38.1703
-6.3499
19.0565
-38.1771
40.3746667
68.848
18.7701
32.3201667
32.3281667
-24.1313
32.4066667
69.4994
68.7069
-2.9877
-7.0632
24.0295
19.5163
38.4765
-22.7645
61.1572
-2.619
7.2424
-10.4959
69.2133
-24.3163
69.6733
37.6556667
19.1176
59.7191
18.6321
-17.9381
-17.6717
-25.2973
52.9247
18.9888
-9.4087
18.8256
-21.7875
8.7435
55.8952
40.5593333
-7.2381
18.9898
65.5675
47.1369
-22.0621
69.5976
26.7253
59.6802
37.573
55.9025
-24.5774
-24.025
61.8271
-15.3837
34.4791
36.7117
37.2073
45.1358333
-25.3148
19.0013
69.5376
19.662
40.3393333
36.8373333
56.2882
-25.4526
40.5085
6.5749
68.7279
63.3119
65.1498
18.1877
18.9978
42.6748
6.7587
69.5637
32.8766
-34.1212
5.7873
-6.5768
44.465
-37.3118
-14.6028
40.458
24.1515
-8.6222
-17.9357
-20.3503
-15.1407
40.4203333
52.007
-18.0745
69.6075
-12.9222
33.2591667
-10.3942
26.7024
-4.2136
18.2578
-7.4627
-18.0285
35.4905
-17.6785
69.6286
56.8416
-18.7695
-4.8925
56.1247
-34.3193
16.2587
56.2501
-35.8277
42.5732
-57.9914
25.4539
-32.242
36.1426
-48.3519
69.3565
6.3424
-17.8624
69.0645
18.2356
6.2478
35.4104
69.2642
40.5538333
51.5719
19.1183
26.575
19.4168333
49.8462
26.68
69.6047
65.2379
19.1225
-9.7657
65.1066
26.7453
37.3761667
-55.0614
20.3826667
18.1337
18.5086
18.9955
26.5995
26.5841
69.6271
26.6579
69.5695
19.5481
26.778
26.6395
26.6592
-24.2464
18.8435
26.694
-1.3652
69.0591
26.7201
37.2182
19.123
43.7903
44.2349
68.807
51.8872
26.7219
69.3357
19.3848
-8.4187
-23.0557
14.5427
26.7398
19.41
33.1896667
69.5609
-28.2974
69.522
41.9386
-3.3081
69.6654
-32.3304
-12.8295
69.1651
18.3488
70.0954
-32.5335
68.8492
-32.5411
41.9475
58.5891
-2.709
52.1761
62.1674
-22.8691
-16.0473
17.8008
-19.2478
18.8275
39.0219
62.3339
69.6158
42.5884
31.3356
36.7905
56.2852
-25.0872
19.588
7.0988
35.0559
-33.2904
-8.4697
69.0976
36.8229
69.1467
69.0586
68.7243
-7.7362
-18.2737
36.4748333
18.6795
-3.0645
36.475
8.6994
69.5914
42.862
67.6233
69.2993
0.6273
30.8988
-55.4668
0.8876
69.1072
61.9837
69.5649
42.7494
36.9849
36.4858
68.8325
-17.9775
36.9778
-42.7683
36.2195
-18.2289
68.7149
36.5665
36.8261
60.3042
-34.8759
38.334
34.7191
3.1954
68.8517
18.8726
19.3565
19.381
19.381
60.0367
-15.579
69.6185
18.2113
-55.8899
57.7761
18.32
69.5962
-14.2012
-1.4834
37.3526
19.2768
18.3386
33.9026667
-35.0597
63.4481
69.5367
13.4504
19.5365
32.4663333
60.0521
18.9471
18.9346
60.9027
-39.8768
58.1061
-3.7768
68.8178
68.8284
57.2232
-21.1092
58.546
33.4896667
-22.7886
19.348
56.5695
-31.5373
68.8288
68.7816
-18.0412
36.3354
57.4403
0.071
58.8224
-17.9417
51.4299
42.6477
-12.6854
56.5372
13.2268
31.5816667
19.1145
63.167
32.7457
19.3973
56.1978
13.1029
42.6838
-5.2085
12.1713
36.1306
19.4413
54.7278
19.4936
38.7653333
62.1869
26.374
31.898
18.8375
19.3293333
17.4115
14.9883
18.1516
-34.8318
19.5363
19.1043
24.1454
69.3214
45.6083
19.486
68.917
36.3149
19.348
51.8956
-31.7929
19.5401
31.5213333
55.8697
55.9518
18.9
69.5765
19.7553
19.373
69.2019
63.0252
36.503
36.2153
36.2159
-28.6589
-10.6495
-54.1983
-54.2289
30.4041
-8.9381
-22.5742
30.3898
-7.216
44.8608333
41.2473
56.9186
39.6445
69.4693
69.7086
68.7991
42.7769
61.7538
-17.7948
18.2121
-18.1675
-7.2328
-4.9117
-36.0947
60.5792
-0.7959
18.652
1.2427
56.8307
69.3031
69.5587
69.2285
19.4496
23.8374
-5.6197
69.5538
18.5371
69.2867
69.5567
18.1503
39.7796
-7.1668
59.8216
-45.6398
-24.9065
69.5864
46.9057
2.8082
-19.8026
69.2844
37.2057
-6.6819
-12.834
2.0084
-21.7934
-22.4935
-22.087
-17.8993
-8.1902
42.6802
-22.1428
-21.988
37.796
71.4664
59.7402
-33.8907
16.0459
69.6281
69.2362
23.1619
-20.8123
18.995
33.272
-59.6095
-24.3423
-6.2702
36.9155
34.9969
69.188
6.4876
69.6596
-32.5327
17.976
14.5346
69.6677
10.7348
36.3196
-24.1813
68.8024
51.9428
-8.1311
-28.7518
35.09
56.0429
19.2635
-31.9337
69.6294
61.2668
68.6418
-32.0748
-31.8774
60.7741
-31.7447
-17.8451
69.5489
-8.1274
10.4094
-5.8203
18.3486
10.5918
60.0684
-18.1329
-17.9162
69.1573
28.8193
55.5952
13.4292
-21.075
-6.6245
34.3659
-23.7393
-22.3707
35.0811
52.2318
60.9631
-10.0083
61.0026
19.4191667
-24.094
36.5224
36.4381
64.3047
-38.667
-27.1123
17.9496
-24.3439
59.5454
-5.9755
-24.6526
42.7761
39.4345
68.6317
31.2365
23.8852
48.275
-20.2451
18.9693
19.5511
-11.8403
39.022
28.6531
9.3209
-18.5179
71.6219
61.6485
-18.4387
58.0951
5.7342
18.0753
18.6765
60.185
51.4115
19.3535
-20.293
61.2986
39.7051
-37.1141
69.5526
-8.2532
-5.9159
62.6057
19.1148
19.0876
40.9293333
42.6513
-4.0603
-20.8647
34.8306667
18.7233
18.9448
-18.0903
36.4929
-32.3111
36.4902
36.489
36.5521
18.8565
19.3401
-24.9668
-25.0191
18.962
36.5018333
19.5988
-24.2929
69.5934
40.9696
19.3453
-45.6366
69.5444
-15.3487
42.6355
36.7043
69.2007
59.6216
19.5396
2.328
37.8046667
1.7546
-59.4966
43.2444
69.5653
46.9735
39.1329
18.7181
18.8618
-1.6199
13.8706
-22.4489
-4.375
36.4603
19.0765
42.2935
19.4421667
85.955
56.0946
69.2193
31.8488333
69.1818
69.2454
41.3638
69.631
67.6196
36.4824
-22.3526
-22.7595
-22.361
19.0589
19.3993
-22.3414
-56.7754
29.7361
-22.0563
-22.2271
42.7365
6.9858
19.4975
-15.8969
-10.6332
36.1525
19.0023
37.2017
7.2402
37.2041
34.4358333
47.351
19.309
19.316
18.9666
19.033
19.6136
52.4293
19.4983
23.2765
23.3322
52.4143
-35.2716
-18.3117
52.8854
-3.0829
69.5613
18.766
52.4534
-30.5238
63.6059
-6.9181
-9.7356
38.8585
-61.0442
-58.3742
-18.3443
-45.5735
2.7373
43.4889
-23.9919
69.6159
37.3386
-8.3797
37.4713333
-3.0064
19.2471
69.5429
42.7949
-18.3146
-31.6744
-3.1236
-3.2682
69.6279
62.4254
69.5714
33.4806667
33.4828333
18.2276
56.166
68.7737
34.1499
-17.658
51.8135
40.3866667
18.1945
28.3417
36.5507
19.3201
38.5761
61.2542
-18.1658
42.7404
-30.1363
-28.892
19.6416664
-2.3453
12.6007
8.045
19.0836
-35.1944
-17.6797
-30.5768
-17.9326
38.8844
-17.9096
-18.1943
-17.6472
69.5876
7.7248
-18.0633
69.5828
-23.4805
42.6323
19.5096
18.945
69.5657
42.5675
-3.9331
69.6137
69.5491
43.398
-17.9251
-19.0661
-18.0149
69.6285
-18.0233
-18.0113
67.6678
-17.6123
-16.0238
69.4703
-18.127
-17.9852
-17.9297
-17.8287
36.7747
-18.102
63.2368
-18.4754
39.0385
69.5007
-14.933
42.7208
-31.7586
-17.9538
19.3391
33.4845
56.1734
33.4826667
-59.7503
33.483
56.091
17.8401
17.7263
35.9593
42.667
62.9764
-8.3429
36.441
19.2913
42.8355
-18.0395
-17.9948
10.6568
12.9455
42.5891
18.9866
56.4348
69.5753
69.3813
61.6639
69.5937
19.3245
11.1534
59.8372
42.7157
0.821
69.2452
61.3785
42.5672
37.1053
57.7003
-18.379
42.7952
42.6739
42.6408
42.6171
69.6056
42.7449
42.6113
42.6827
42.6593
42.681
61.218
-20.6721
42.553
-34.4405
-8.2805
69.566
61.2476
42.7136
42.679
69.5183
69.5346
42.7504
42.6446
42.7676
42.59
19.7789993
42.6389
61.2355
42.6861
-60.0974
60.5118
58.7327
-23.9843
19.3526667
-33.6142
69.5682
-33.1818
-21.769
69.5459
62.2268
18.5416
18.6588
18.2495
-29.935
42.1556
69.581
-18.4367
69.4753
69.6286
68.5086
-29.1143
-18.1017
69.5409
69.6001
54.7031
69.4566
-58.3717
19.4968
19.5063
69.6083
69.472
-58.3469
69.5286
19.6946
-18.229
18.2882
43.3596
-58.2428
-22.2967
69.6891
-58.3196
-58.3307
-58.2878
-19.6774
-22.4274
18.0186
-28.9276
19.4495
54.8088
18.6719
-22.3603
36.4882
-19.3913
-17.6753
69.5988
-58.2717
69.4217
36.7173
-19.1148
34.6052
69.5487
-22.802
31.9543
-57.9016
17.3068
27.7264
-22.1248
-57.906
69.6374
-19.5955
37.1305
69.5661
51.4213
40.1648
18.0456
60.3037
-5.5405
69.1255
18.0356
39.5584
56.9622
-18.1752
-39.8053
-18.3603
-0.3427
-17.9725
31.1244
7.6469
31.1296
31.1349
1.4387
17.5773
36.06
69.5576
10.3441
39.3881
39.4503
-58.0204
-58.0168
19.2541
69.5922
52.9697
-19.4208
47.3109
-13.9663
49.1157
63.6111
-7.3099
52.4724
15.0661
17.6203
51.3525
69.6025
59.768
56.0069
69.5478
18.0387
39.6071
22.8244
69.55
57.844
69.5812
59.8759
34.2335
-20.7027
69.6104
-3.835
69.4574
69.5534
69.4867
-3.1419
69.631
69.5837
60.1319
69.614
35.2823
-3.8856
37.4673333
-1.6778
50.3459
69.565
69.5964
17.5365
69.5175
60.8781
54.1358
69.7485
53.0755
69.5109
34.4975
16.6049
38.8937