-146.6269
-157.7116
-178.4211
-119.7346
-119.7187
-161.8959
-95.073
-115.4675
-115.4616667
-175.2457
-64.3055
37.4004
-144.165
-153.221
-69.3316
167.8412
-80.7271
-98.8789
-65.1931
167.8506
-124.439
120.2506
-144.1342
120.3092
125.4253
120.29
126.2532
-97.2444
120.2339
-154.9383392
120.1211
120.2867
141.2201
-68.24
-144.152
-65.1721
50.527
-65.1513
120.1589
120.2207
119.8785
-146.6434
120.2032
120.1536
-155.3796667
-93.9565
-98.9557
-144.1453
-153.0321
-147.3935
-146.3558
67.5499
67.5664
-66.8203
45.3368
-117.0173333
-138.8894
-152.8614
-75.842
-76.5889
-164.8444
124.0809
92.238
-176.1701
-123.2905
-68.034
-153.8945
126.9491
-177.0519
-156.5438
-67.7255
-65.192
67.6257
67.597
119.6192
-151.0333
52.4665
-144.4037
-65.1415
141.9594
-147.1498
-65.1365
-146.4145
-97.4422
-124.2715
-65.1108
-65.131
-171.2043
46.1428
-65.0708
-65.1813
71.0438
146.7914
-66.343
-97.254
-65.206
-155.6591667
-155.6571667
-65.2606
-65.152
-65.1346
-65.1341
142.5397
-65.1555
-65.208
-65.1678
-65.348
174.1602
-65.134
-65.1151
-65.1651
-65.164
-90.3727
120.1725
-144.5915
-117.0178333
120.182
-155.6578333
57.508
26.2663
-178.0949
-149.8917
-149.9241
-178.1393
-149.9865
127.3391
-149.9253
142.0905
-116.8058333
-67.8086
-97.4785
-65.2163
-67.1628
-67.5146
166.008
-143.1592
-147.1285
-146.943
-65.6141
-67.402
-150.6059
-97.4605
-155.6145
120.1204
-161.7902
-67.3265
168.2207
-161.9793
-97.455
127.0862
-143.7817
-155.6598333
178.1745
71.1764
-69.6465
-144.7306
65.3224
-98.9253
-66.2789
-97.4908
99.557
-161.9342
-150.408
120.2112
-64.9493
-147.5016
-161.7748
141.9477
58.0047
-154.7849
120.1773
120.6793
-71.8051
-69.3333
-146.4462
-149.9805
152.6866
120.0516
-115.184
-116.3849
-144.7906
-142.0151
-155.8474
-148.8881
-153.1147
120.2473
-71.716
120.1806
120.195
179.3811
120.1868
152.0145
119.7498
119.9347
-118.2445
119.5758
119.7603
119.9675
119.6733
119.8019
120.2294
-60.4467
119.9147
120.0904
-151.7002
-144.9008
-146.0219
120.0254
119.9473
119.8708
119.8905
119.9609
120.027
119.7561
-155.7918333
119.8401
119.938
97.0153
-149.286
119.8708
-149.7954
119.926
161.4422
-97.5643
67.6203
120.0127
119.7631
-127.6539
67.599
67.614
15.7262
-67.0743
-67.0171
-80.2406
-148.3525
-144.3441
-67.3445
-144.9897
160.6351
-67.464
30.4969
128.5127
-178.2429
-76.7084
-148.4244
80.7091
-148.7515
-143.7943
-121.1451667
-136.2338
-92.4492
179.5175
-69.0588
-149.2078
-71.4103
170.1635
154.7531
-84.0792
-147.211
-68.1551
-68.201
-120.6993333
-68.215
-68.1806
-67.9706
-146.4474
-146.4451
-146.9602
129.5048
-147.8369
-146.4441
154.0183
-9.5822
21.3897
-67.6841
-141.014
53.0613
-67.7553
-68.3843
-25.2045
-149.3518
-68.8904
-144.2231
-178.4338
131.1429
121.9604
126.1873
126.082
-97.2337
-155.8513333
-66.3771
168.4783
-152.5268
-98.9136
-116.2665
-121.0846667
-146.74
-144.4047
-146.8061
125.8565
-178.1655
-97.4331
-107.9777
-161.5046
149.112
-70.5709
-156.9953
-155.2756667
97.8121
-107.6517
-68.4375
-71.2565
-149.3554
-61.5262
-144.6043
-151.0284
-68.8356
-144.2093
-64.5848
133.3292
-149.2876
-119.2936667
-116.8851
83.6665
-98.2908
-177.5564
-146.309
-144.5086
-146.421
-64.4906
26.4925
-68.2063
-144.3445
-67.8196
-67.9683
126.9195
-74.3468
-144.0905
-154.8273333
167.4312
-178.0437
128.2944
-174.373
153.9933
-68.4968
-69.2296
-74.9536
-144.4238
-147.4922
-144.0198
102.9717
-144.4707
143.3554
126.7648
-151.0665
-179.1733
-147.9707
142.1148
-179.4098
-155.1896667
154.9415
-73.0569
-81.1419
-81.1488
-144.2055
-178.0413
128.3451
-178.6438
-144.27
-122.8965
-148.436
65.1637
-116.802
155.0126
-148.4411
-67.3153
-65.3815
-148.5209
126.2929
90.9276
-66.8998
142.2314
-67.3203
-66.8021
-98.8425
126.225
-162.7564
-175.4491
-146.5054
-150.7541
-144.7367
57.9465
-65.8133
-97.2297
-144.6078
-144.3494
107.0202
-25.5862
-64.9538
148.4629
126.2304
-151.1013
-178.1618
-67.9306
125.6729
129.979
-172.8089
139.3911
-121.2076667
141.271
-151.301
-68.0556
142.0388
51.1508
-68.5588
-67.0311
-67.4736
-175.3438
-147.9539
-67.0683
-112.4771
145.7865
-63.7496
-146.2941
-86.8503
122.0535
45.8688
-96.8112
-173.7924
-64.9776
-64.917
136.7827
-144.3683
-151.2495
-179.8051
-68.8285
-67.645
-176.4335
-160.0137
-144.7679
179.3381
-169.3073
140.6655
72.2617
-149.3482
-175.5201
-67.7453
-158.457
141.1966
-65.2153
123.5732
164.6968
-169.1617
98.6214
-27.6759
177.1209
-174.2464
-75.4251
-177.7054
-71.3189
51.9485
-68.1718
-174.6803
-70.0637
146.2433
-71.2905
74.2657
-70.0652
120.541
-70.0356
52.0973
-81.1363
-92.6833333
-64.3858
126.3356
-64.4995
-64.543
116.1985
-107.5918
-146.6604
-146.8892
-64.5608
158.2066
53.0913
-65.2546
-67.2635
-122.7111667
-149.6274
-144.3442
130.4976
-173.8924
-144.1908
-67.2863
-147.7664
169.1384
-154.4769
-71.031
-178.018
140.1325
-179.8392
-98.2313
-147.2887
119.7522
170.7674
-150.4006
-121.9416667
129.6778
138.549
-144.0638
-12.8459
150.5517
150.5429
-118.7895
-65.9223
130.3782
-153.162
-65.2891
-177.3382
-66.4378
-146.6637
-67.1135
-68.238
146.2036
119.7308
-147.2782
-66.8055
-75.6678
-155.1133333
-66.002
146.3816
-177.4412
-67.105
-111.5076667
123.5233
-97.7361
-95.4785
-155.1086667
-155.1385
-144.8033
-86.8424
-111.5096667
-111.5408333
-71.5924
-155.6171667
-178.2907
-106.9554
-143.9369
-68.5563
-179.88
-179.9494
155.655
-149.8373
-94.9459
-155.6221667
-144.0606
-65.4771
-81.0949
169.5308
104.5994
-67.3931
168.1495
169.5584
129.6555
142.0221
-93.7207
160.5834
-66.0586
-149.6081
-152.3692
123.9522
-65.4286
132.1098
-178.3429
154.6306
-68.3118
129.6894
-64.8273
-16.0787
-68.2745
-146.6768
-179.0218
-68.4461
-117.31
-146.6421
-67.2905
-153.8675
-104.5207
-65.857
-65.787
-144.4405
-93.7185
-75.8018
-153.1978
143.1523
-68.2356
143.1433
152.6617
158.2148
158.2052
-146.6717
158.3121
-166.4403
145.7855
56.7069
127.8316
-144.3337
-144.0661
-144.2715
-144.3869
-153.7736
-70.4182
-121.875
-118.9523333
-145.1947
-144.3507
-66.0981
-155.2573333
-68.5668
-66.7933
-144.4006
-72.9946
99.4531
-147.2056
-144.6287
50.558
57.0225
160.1252
-124.07
-147.7565
-148.3851
-136.5839
-97.3394
-148.2771
-146.6416
-87.0648
-149.2182
-149.9227
129.9614
141.0013
-71.4461
-27.3711
-178.1048
45.3734
-152.2258
-144.1938
173.9845
-116.9143333
-104.8365
-176.8516
-68.0088
174.2688
-155.622
116.0197
-67.2095
-66.3813
-66.459
141.9027
-66.4111
102.84
-66.416
-66.3901
141.5577
-64.8246
-143.785
-66.2641
48.7789
-155.1403333
-149.3849
126.0214
-144.147
-143.9323
-144.1799
-67.6526
-144.1598
-178.2224
157.2172
49.9248
-67.2458
125.777
-177.7194
-111.1463
-147.5434
-65.2315
139.7672
96.3888
-175.0735
49.782
116.2794
-175.2542
-113.8847
-67.8268
-67.895
24.5011
24.533
-144.0711
-64.4976
-115.2536667
-139.4194
-178.5039
21.568
147.6778
-67.5795
176.3671
-125.0788333
-148.177
-67.2928
-115.2208333
-115.2208333
-66.9031
-115.251
-144.5356
-147.5949
138.7457
129.7047
121.0015
-67.7676
70.5641
-68.8136
-140.512
102.3618
-79.992
123.9199
-146.6008
-66.9615
-144.2403
-118.9411667
-66.827
-153.2141
-65.2305
-178.4693
-178.1079
178.3953
-166.9407
-67.8508
123.5447
-67.307
-68.7881
-83.2793
-149.9682
-126.7608333
117.4816
-66.78
-148.7706
151.0366
-179.4458
-144.0345
129.6408
-136.475
-118.8378333
163.2359
-175.6595
-66.8991
-149.832
167.4741
26.5105
71.0995
137.7881
-122.9721667
178.5435
-65.4171
-144.0146
-65.2903
-124.6913333
-121.571
-149.0245
178.2198
-124.8653333
130.1497
-147.5208
-152.1003
-151.3435
-76.9149
-67.4601
141.8671
-72.9475
-144.3427
-100.9161
-178.8328
126.3024
155.1654
-114.1378
179.8753
166.8071
-124.5231667
143.464
109.7753
-177.6762
-70.0282
-174.202
-125.4225
-174.2373
-177.9494
-144.1069
168.6163
-116.7586667
161.2292
129.5769
129.8308
-68.6451
128.3836
-178.4817
-118.3456667
179.9419
-144.2595
-148.5904
-69.8896
102.9505
-149.2635
116.9002
-98.3406
-149.4223
-102.6337
143.6683
-25.7374
53.1502
-179.166
-97.6166
107.188
-144.1609
126.2014
-178.1741
-146.4375
-67.906
120.3284
141.2567
-146.7655
-125.1841667
16.1921
-67.8993
129.5298
-154.9316667
156.173
129.6343
-144.2377
-166.7586
145.8825
-78.4957
-166.1006
129.7348
-112.3953333
-129.0396
-156.9008333
147.2618
-66.4018
-67.7755
129.5698
129.5462
-144.2321
129.5633
-144.2197
-65.3138
129.6497
129.6118
129.6182
-67.2815
-68.4796
129.6103
-15.3366
-146.579
129.7009
71.7556
-67.7681
15.7466
149.3296
-146.6751
-174.1344
129.5663
-143.6109
-67.77
111.4993
171.2868
-92.7038
129.647
-155.2841667
-115.9488333
-144.345
26.8055
-144.6784
77.2122
126.1518
-144.3081
150.7872
45.4218
-146.5423
-67.533
-144.0342
-71.614
-146.22
-71.6564
-125.8916667
-150.5755
138.7776
-33.8899
-148.5541
-66.1382
-71.4991
-66.1291
-69.3235
-67.3416
-96.8155
-149.6027
-144.7586
141.9775
-103.4952
140.6928
-149.4082
179.9881
-68.1508
94.2279
92.3752
-68.9205
-74.2439
-147.21
140.6774
-147.2114
-147.0843
-147.4981
-74.5889
-178.2024
-89.467
-67.4818
138.1055
-89.4661667
-83.2463
-144.29
141.942
-156.642
-146.6634
29.9281
57.2896
-29.224
96.8883
-146.6395
-147.6288
-144.0277
141.934
-97.5141
71.2288
-146.6641
-177.8886
-97.4956
42.3044
-98.9256
-178.1997
-147.5034
-121.159
-98.4513
-150.6641
-179.3624
-96.8384
45.9602
128.1078
-146.8522
-68.4221
-67.9716
-154.9495
-154.9096667
-151.7786
-70.1889
-144.1847
-66.1563
-123.2538
-157.4966
-64.384
-144.2051
-13.6996
-78.3751
-97.9791
-64.7515
-68.8791
-82.2683333
-179.4059
-144.9607
-144.189
144.6247
-67.828
-115.565
-151.731
-64.9248
-66.3
-150.8597
44.4215
-137.5606
151.6576
-148.2659
-148.2657
-152.939
-67.6086
-156.3924
-116.8025
-70.6633
-155.2161667
-149.3284
-72.0909
-148.2581
-148.0848
-178.2148
28.8669
-155.3427
123.6941
-137.109
-177.8935
-177.92
142.0271
167.0091
-148.6359
-87.83
-114.401
-68.7283
-150.5589
105.6809
-67.985
-148.7755
-87.7906
141.9197
102.4064
-86.8169
31.1106
-68.03
142.8794
-68.3568
-112.7343333
-151.0793
90.1647
-94.4086
-64.8495
-155.1901667
-65.555
-93.8972
-67.2391
-179.0815
-67.9613
-68.104
123.6824
-144.1591
150.0151
-68.1633
-147.7709
76.293
-154.9663333
-169.4974
-179.019
-68.0988
-115.5978333
-153.2934
-153.2924
-67.6093
-144.2759
-155.5657
-68.2803
-146.6735
-150.9373
71.0343
-97.5688
-97.5703
-176.073
121.6211
-146.6924
-146.6434
131.0237
124.4588
-176.8773
131.0138
155.6554
-110.4288333
142.3869
-149.4243
132.1629
-144.1762
-145.0185
-148.2843
142.0744
-147.8756
179.9525
-67.9646
-178.1258
129.4102
151.4947
-97.4877
-149.346
121.9571
-67.7326
-77.3911
-151.0323
-143.325
-144.238
-143.378
-67.7613
121.5447
152.0809
-144.7722
-66.3198
-146.6656
-144.8551
-68.1343
51.1698
-13.0568
-148.8908
-77.3983
179.8801
-144.5924
152.1171
125.804
-177.692
-146.5301
30.6237
148.1841
122.6898
96.6246
-176.2651
169.892
169.8378
-178.0013
116.5118
141.9843
169.7829
170.1584
141.0925
-3.9464
-137.6539
-179.0387
-98.2393
-144.0746
-146.6582
94.6759
170.1311
-68.9625
26.3199
-25.1381
-67.1978
130.236
27.7168
140.2387
-146.5254
123.694
-144.2862
-177.0576
-68.3855
-92.9678
-145.0073
126.1358
70.7783
-70.6636
-147.6541
178.8517
116.4254
-71.8113
-95.7103
-149.2592
-66.4845
179.7608
-144.2969
-143.7604
-147.5699
-179.2732
-179.136
-147.1015
-179.3728
-179.9936
-144.3508
116.5849
-61.5945
103.7417
-67.8413
126.2041
-152.5983
-178.5062
-70.1926
-143.3423
76.8395
-149.254
-91.1283
-178.6909
131.352
45.8045
-66.9819
170.2952
-95.6826
157.1212
-143.6043
161.533
-146.6448
-155.3196667
-179.9031
141.6764
28.8703
-171.3741
175.679
-13.5049
-68.5243
-179.4803
-148.8493
154.8375
179.0321
141.9675
-123.3096667
-146.0001
-115.6705
121.6433
-123.0391667
-178.335
-67.602
-64.8485
41.0405
141.0916
76.8101
126.4907
-179.698
-2.606
-150.2171
178.8562
-150.7632
123.8617
-64.9453
-66.7271
-140.9716
176.9975
-155.1551667
68.1304
-149.4152
20.3889
-96.2152
-144.2092
116.571
146.6322
-147.6741
-66.4456
-66.5001
-111.5735
142.1133
-75.984
68.0306
-85.2381667
-66.6663
-65.4713
-179.3804
-98.7245
179.6312
-98.723
-98.7253
71.2454
-65.3158
-68.2698
179.9228
179.9441
-65.3503
-89.5551667
-67.8756
-175.7798
-144.3845
83.5241
-68.3918
-77.6324
-144.4801
-173.8235
-111.4818
-97.6659
-146.6528
-149.0103
-68.0211
96.06
-122.2133333
126.5468
-25.1981
-127.0483
-144.2143
83.0081
-116.0958
-67.9336
-68.4805
149.6437
-92.1522
170.1848
-81.4887
-98.7576
-66.8086
-124.6693333
-155.2645
31.1727
-149.9075
-146.6634
-117.1963333
-146.5318
-146.6625
-100.1275
-144.2367
-157.0942
-97.7374
170.0639
170.1939
170.1892
95.7362
-65.0965
170.2262
147.237
141.149
170.4873
170.2029
141.9118
126.3596
-64.7125
-177.4797
-78.4613
-120.0641667
-67.1965
-97.7705
126.4615
-97.773
-116.899
-113.1328333
-68.0998
-64.8225
-65.3843
-68.1525
-67.9466
-169.5331
-67.895
101.5399
101.5775
-169.6819
-179.959
-178.3586
-163.9759
146.6682
-144.7626
-65.9716
-169.7501
-69.7354
-142.3384
129.8296
-76.2242
26.4139
160.5332
-25.0832
167.8609
-77.442
124.8874
17.1981
-67.2012
-144.2354
-98.0384
116.6373
-121.821
146.8342
-67.891
-144.0634
141.9855
-179.2814
-67.9961
146.3808
146.5701
-144.2147
-149.2039
-144.7424
-116.7993333
-116.8026667
-67.2653
-149.7217
-148.2914
136.6942
179.5729
-171.2698
-124.9291667
-68.204
59.3145
70.8421
-64.8325
71.3971
-140.9261
-178.0145
141.8824
-178.0038
-69.9535
-154.6928406
-78.8955
142.4548
-77.6037
-67.2523
-179.9163
-179.5749
-179.5537
-179.8154
26.3833
167.9795
179.2006
179.6729
-144.8004
124.6104
-179.7689
-145.0725
-179.8786
141.9526
-65.3728
-63.9136
-145.2364
141.9876
102.3584
-144.5223
-144.0565
-127.6016
-179.4293
179.5335
179.0186
-144.0449
-178.0244
-179.2847
-156.9128
179.8242
-178.4043
-144.6076
-179.5756
-179.9089
-179.6282
-179.524
135.4004
-179.7646
-151.7319
179.3446
-96.8314
-144.2059
-172.995
142.099
-72.2156
-177.8611
-67.054
-116.8006667
-149.8315
-116.8013333
-26.4147
-116.8005
-150.0937
-68.5356
-63.9293
-97.2271
142.0433
-150.3175
116.9679
-96.9714
-64.1933
141.9989
-178.4548
-178.5178
-62.882
-90.1966
141.9937
-65
-149.6062
-144.2245
-144.1344
-151.1424
-145.4165
-155.1888333
144.5887
-149.227
142.031
96.8947
-146.6624
-144.4699
141.9882
-32.41
-156.5013
-178.2289
141.9603
141.9468
141.9916
142.0118
-144.2951
142.0828
141.9526
142.0003
142.0023
142.0247
-147.6694
-178.5331
141.9809
-70.5143
116.9885
-144.195
-150.8732
141.9663
141.9049
-143.796
-144.0646
142.1164
141.9026
141.9347
142.0468
-155.5874939
142.001
-144.3673
141.9294
-26.7156
-147.535
158.7709
-174.8828
-155.084
-179.9875
-144.0301
-179.1021
-68.5651
-144.0676
-149.1836
-66.7735
-67.2415
-68.5801
-177.5229
-125.7542
-144.1378
169.7188
-144.3183
-144.2063
-147.2757
74.1846
-177.8689
-144.3474
-144.1229
58.0747
-144.1138
-24.8067
-64.641
-65.2648
-144.2063
-144.3977
-25.2542
-144.0649
-68.0463
-178.1689
120.8284
146.2066
-24.7712
169.647
-143.947
-24.8271
-24.9306
-24.9678
-178.1763
170.0577
-65.1311
74.4996
-65.1788
57.9818
145.5624
169.7075
141.3919
-69.2649
-73.2304
-145.0892
-24.8293
-144.1498
-116.0686
-68.34
140.2968
-144.7625
-70.7176
-94.4435
-25.4629
-65.8886
139.8442
170.3302
-25.3537
-144.2993
-176.0579
-121.532
-144.6285
-176.3901
-10.5201
-68.3191
-152.3359
147.1335
-147.9447
-64.1051
76.6279
-153.0047
-178.24
-71.655
-178.2259
125.1731
-177.9472
-103.2168
-36.6083
-103.226
-103.2338
-85.2615
145.8939
-120.2515
-144.1497
124.8204
76.8754
76.8772
-25.4573
-25.2507
-64.8276
-144.2283
156.6669
169.5981
152.4938
-76.0839
151.1232
-150.7316
156.2206
-165.417
-91.5483
147.5563
-177.798
-144.2017
-136.3614
-135.2971
-144.2245
-79.6552
71.3681
144.0464
-144.3491
-152.6333
-144.267
-152.4792
-116.917
-69.1024
-144.2917
150.1969
-144.4269
-144.1913
-145.1837
-77.4702
-144.1565
-144.3582
-152.7167
-144.3292
28.5377
150.2748
-121.8196667
138.3357
-50.1293
-144.348
-144.1433
147.5052
-144.1037
-145.9642
-167.1654
-144.4979
-169.7913
-144.1326
131.4321
-95.0508
-107.4039