2.5
3.5
4.8
2.6
2.6
3.2
4.4
2.83
2.65
4.9
3.35
4.6
2.5
2.5
4.3
4.9
4.7
3
3.6
5.6
2.61
4.5
3.1
4.8
4.7
4.5
5.1
2.9
5
2.45
5.6
4.2
4.9
2.82
3.2
2.51
4.9
2.98
5.9
6
5.2
3
5.4
5
3.08
5.4
2.5
3.2
2.9
3.7
3.3
5.7
5.2
4.7
4.5
3.48
3.1
2.5
5.2
4.4
3.2
4.6
5.1
5
2.52
3.05
2.6
4.9
4.8
2.5
3.03
2.94
5.3
5.1
5.1
2.6
5.2
2.9
3.21
4.8
2.7
2.66
4.1
3
2.99
2.74
2.93
3.2
4.4
3
3.56
4.3
5
3.17
2.6
3.12
3.41
2.6
2.97
2.77
2.6
3.06
4.3
2.9
2.61
3.16
2.98
4.6
3.27
2.59
3.8
3.18
4.5
4.6
2.6
3.61
4.8
2.66
4.7
4.9
6.6
3.4
3.5
4.7
4.2
4.4
3.4
5
2.52
3.07
2.6
2.81
2.45
4.2
4.5
2.5
3.1
3.2
4.5
2.77
2.8
2.7
2.66
4.4
2.7
2.57
4.9
3.3
2.8
4.5
2.7
2.79
2.5
4.2
4.4
3.3
4.1
2.7
2.5
3.6
4.4
3.4
2.7
5.1
2.47
2.6
2.9
4.5
4.4
2.6
5.1
4.8
4
4.7
3.1
2.9
4.8
4.9
4.41
2.5
2.6
3.1
2.6
2.5
2.5
4.5
4.1
5
4.4
4.2
4.6
4.6
5
4.9
3.18
5.2
4.7
5.2
5.7
4.8
4.7
5.4
5.1
4.7
2.7
2.8
2.8
5.2
5.7
5.1
5.4
5.8
5.7
5.8
3.95
7.5
4.8
4.6
3.2
5
3.1
4.9
4.9
2.9
5.6
5.4
6.1
3.2
5.5
4.9
4.4
3.05
2.96
4.5
3
2.6
2.55
3.4
4.7
2.65
4
4.5
5.5
4.8
3
5.1
2.9
2.9
2.46
2.6
4.4
2.5
4.3
3.6
3.3
4.9
5.2
4.2
3.3
3.34
3.2
2.6
3.03
3.2
3.28
2.9
3.1
3
4.6
2.9
3
4.8
5.7
5.2
3.03
2.6
4.2
2.79
3.08
4.9
3.1
4
3.1
4.8
5.1
4.3
5
4.7
3.1
3.11
2.75
4.7
2.9
2.8
2.56
2.89
2.6
2.7
2.8
4.4
4.8
3.1
5
2.7
4.5
4.4
2.7
2.71
5.1
5
4.5
4
3.4
4.6
3.2
2.9
4.5
3.2
3.42
5
3.8
2.46
2.8
4.7
3
4.4
2.9
3.2
2.7
3.44
4.4
3.19
2.5
2.65
3.4
4.7
4.2
2.5
2.45
4.9
5.7
4.1
2.8
4.4
3.38
4.3
5.2
3.3
2.5
2.5
4.7
3.6
4.4
4.2
2.6
5
3.1
4.9
4.6
2.68
4
4.4
4.5
4.7
2.6
4.2
4.2
4.4
3.1
2.56
2.7
4.8
2.73
5.1
2.6
4.3
2.74
3.4
4.5
4.3
2.46
4.8
3.14
2.68
4.4
4.8
3.4
4.8
2.8
2.5
3
4.4
2.6
2.9
3.7
3.6
4.5
5.4
2.83
4.5
4.5
2.5
4.5
4.2
4.7
4.3
4.3
4.6
2.73
4.3
3
3.04
4.4
4.2
2.64
2.95
3
4.9
2.6
2.54
2.7
5
3.59
2.7
4.8
4.4
4.2
2.7
4.5
2.53
3.5
4.1
2.8
2.7
4.9
5
2.65
4.6
2.8
2.7
4.7
4
4.6
4.6
2.8
5.1
2.96
3
4.8
2.81
4.7
4.4
3.4
4.6
4.5
4.5
4.5
4.4
4.5
4.4
4.4
3.13
2.8
4.3
5.9
5.2
3.8
4.2
5.1
5.4
4.7
4.6
2.51
3.25
5.2
3.24
3.06
4.2
3.1
3.2
2.7
3.16
4.7
4.7
3.18
2.65
2.48
3
2.8
5
5.1
2.8
2.72
2.8
4.4
2.5
5.4
4.2
4.4
4.3
2.5
2.6
4.6
4.8
2.5
2.71
5.3
4.5
2.5
5
4.6
5
2.85
3.13
4.9
2.9
2.99
4.6
2.45
2.9
3.06
4.4
4.6
4.8
2.8
2.58
4
2.46
2.81
4.4
4.8
2.63
3.21
4.1
2.6
5.7
3.69
2.74
3
4.3
2.49
2.6
4.3
2.49
4.2
4.5
3.6
2.63
5.7
5.9
4.3
3.5
4.3
2.97
3
2.64
4.6
4.6
4.4
2.87
4.9
4.4
4.6
4.2
4.5
4.1
2.73
3.7
2.6
4.5
2.83
4.2
4.3
4.7
3.12
4.6
3.36
5.1
3.24
3
4.7
3.31
3.43
2.8
2.53
2.5
2.5
2.53
2.61
3.8
5.4
4.5
2.5
4.4
3.07
4.6
5.4
5.1
4.9
2.5
5.5
2.8
5.4
4.6
5.1
2.5
2.7
3.9
3.1
2.6
5
2.62
2.92
3
2.5
4.5
2.59
4.6
2.84
2.5
4.4
4.3
2.7
2.6
4.4
5.4
4.2
2.67
2.9
2.5
2.5
2.8
2.8
2.8
4.5
3.9
2.6
4.2
3.9
3.9
4.8
4.4
4.7
2.6
3
4.3
2.45
2.5
5
3.03
4.5
2.47
4.3
2.64
2.59
2.78
4.7
2.61
4.4
2.74
2.73
5.1
3.39
2.7
2.71
4
2.82
3.8
4
2.7
2.5
3
2.98
5.1
5.5
5.8
4.9
2.88
5.2
5.2
3.3
2.9
3.07
4.6
4.7
4.7
6
4.7
5.1
2.5
2.84
2.96
4.5
4.4
2.7
3.36
2.57
3
4.4
4.2
5.1
2.86
4.8
3.27
2.5
2.74
3.08
2.64
4.5
2.81
3
2.5
4.7
4.6
4.4
3.29
4.9
4.5
2.8
4.2
4.3
4.6
2.7
4.1
2.7
2.69
2.96
3.8
2.85
4.4
4.4
5
3.7
2.91
4.6
2.45
4.2
4.4
3.3
2.92
4.5
2.88
2.6
4.5
4.4
2.7
5.1
3.1
2.48
4.3
5
4.3
2.9
5.3
5
4.3
4.1
2.83
4.7
2.83
2.9
3.43
2.61
2.5
4.5
6.5
2.62
4.9
2.5
3
3.9
3.3
2.85
4.8
4.2
2.5
2.8
4.4
4.5
4.4
2.8
4.2
5.3
2.56
4.5
4.2
4.2
4.9
4.3
2.69
2.8
5.3
3
4.3
2.98
4.6
4.8
4.3
3.05
4.1
4.5
2.7
4.4
3.1
3.1
4.1
5
3.5
5.3
4.7
4.1
4.7
4.4
4.4
4
4.3
2.7
4.8
2.7
4.6
4.7
2.5
3.05
4.7
4.5
2.6
2.6
4.7
3.11
5.6
2.7
5.4
5.2
3
2.9
4.6
4.9
3
4.9
2.51
5
3.66
5.2
2.71
2.5
5.1
4.9
3.7
5.6
2.9
3.37
4.8
4.9
4.9
4.4
2.87
5.4
4.7
2.6
4.9
4.7
2.78
4.2
4.5
2.5
3.5
4.8
2.5
3.38
4.2
5.1
4.4
5.6
2.88
2.78
2.5
4.3
3.3
4.2
4.2
2.6
4
4.4
2.5
2.65
2.6
4.1
2.6
4.5
3.07
4.2
5.8
4.3
3.3
4.4
5.4
2.49
4.6
2.81
2.5
3.9
2.9
4.3
2.5
4.4
3.3
4.7
3.14
5.1
4.1
4.3
4.1
2.6
4.6
2.5
3.9
2.5
5
4.3
2.64
2.68
4.5
2.74
4.6
2.9
4.4
2.9
2.6
4.5
4.3
4.3
4.2
3.2
3.4
2.6
4.5
2.5
4.6
2.5
4.2
2.7
4.4
2.5
4
2.6
2.87
3
2.5
5.3
2.6
4.1
5
2.7
3.17
3.14
2.49
2.66
3
4.5
2.9
2.52
5.2
2.5
3.13
2.9
4.9
3.1
3.1
2.74
3.13
2.57
4.8
2.5
3
4.5
3.27
2.84
2.5
3.23
2.84
3.3
5.2
3
5.4
2.8
2.6
2.8
4.2
2.7
2.53
3.9
3.1
2.9
4
3
2.5
4.4
4.1
2.6
4.7
3.5
4.4
4
4.5
4.2
2.9
4.7
3.45
2.53
2.8
5.2
3.11
2.7
4.3
4.5
5.1
5.3
5.2
3.25
4.7
3.05
3.82
2.8
5.3
2.5
3.78
2.69
2.89
4.8
2.66
4.5
2.83
3.14
4.6
2.6
5.1
3.24
2.5
4.5
2.77
2.5
4.4
2.82
2.71
2.8
3.1
2.68
2.9
3.34
3.1
3.3
2.8
4.6
3.3
2.6
4.5
4.3
5.4
5.3
4.8
4.4
4.5
4.6
4.4
2.85
4.9
3
4.5
2.7
2.8
3
4.4
2.8
4.5
2.83
4.2
4.2
4.2
4.4
2.6
4.7
3.27
3.2
2.6
2.9
2.8
2.5
3.34
4.7
4.6
2.8
2.54
2.9
2.7
3.42
4
4.7
2.7
4.4
4.3
4.2
4.3
4.3
4.2
3.3
5.1
4.3
4.5
4.4
4.5
4.5
4.8
5.1
5.1
4.6
4.6
6.3
4.3
4.2
2.7
4.5
4.9
2.9
3.1
4.4
4.6
3.03
4.5
4.7
4.4
4.4
4.4
4.6
2.5
4.5
3.2
4.7
3.19
4.6
2.9
5.3
4.2
4
2.5
3.7
4.7
5.1
2.6
2.8
2.95
4.9
3.1
2.8
2.8
4.9
4.7
2.6
6.9
4.4
2.7
5
3.6
4.8
3.26
4.7
3.4
4.2
4.2
3.1
3.6
3.3
4.3
4.4
4
4.3
4.4
5
2.6
4.9
2.6
6.5
2.9
2.51
4.4
4.3
4.1
3.1
4.3
4.5
3.16
4.3
3.2
4.3
4.3
4.9
2.47
3
3.43
4.4
3.26
4.2
2.7
3.18
4.6
4.4
4.6
4.5
4.2
4.3
2.5
4.1
3
4.4
2.53
2.86
2.7
4.2
2.95
4.8
2.6
4.3
4.5
2.6
4.5
4.5
2.5
2.67
2.68
2.48
4.1
4.7
4.6
2.64
2.72
2.72
4.5
2.9
4.5
2.6
3.5
4.3
3.09
2.99
4.5
5.5
2.47
2.68
2.81
5.5
3.1
4.1
2.88
4.3
2.5
4.7
3
2.7
2.9
2.6
3.1
4.4
2.82
4
4.6
3
2.5
4.5
3
2.74
2.73
4.4
4.1
4.9
5.1
4
3.09
2.76
2.45
4.5
3.1
2.7
3.75
2.6
2.8
2.6
2.8
2.6
2.5
4.6
4.6
4.6
4.5
3.32
4.7
4.8
4.6
4.4
5.8
4.4
4.2
2.64
4.5
4.5
2.82
2.94
2.7
6.1
3.4
3
2.78
2.83
2.82
2.81
2.85
2.88
3.5
3.15
4.6
5.7
3.6
4.9
4.2
3.8
4.7
2.8
2.72
4.1
4.9
2.5
4.4
4.4
3.3
5
4.6
4.5
4.3
5.4
4.1
4.1
2.6
2.5
5.1
2.8
4
2.98
2.6
4.6
4.1
4.3
4.5
5.4
2.9
3.2
2.8
2.6
3.21
2.63
3
2.7
4.1
4.4
4.3
2.53
2.88
5.5
4.3
2.48
4.3
2.5
5.2
4.8
5
5.8
2.83
6.2
5
5.6
2.93
4.6
4.4
4.4
4.5
4.1
4.9
4.5
4.3
3
4.3
4.2
2.5
4.6
4.1
3.05
3.28
2.8
4.4
4.2
3
2.8
3.1
4.1
4.6
4.6
2.5
4.6
4.1
2.6
4.3
4.7
2.5
4.5
4.4
4.5
4.7
4.2
5.4
2.7
7.9
2.7
3.3
4.9
4.5
4.6
4.7
3.01
2.6
3.1
2.88
4.9
2.91
3
3.11
2.55
2.7
4.4
2.5
5
2.8
3.07
4.3
4.2
5.5
4.2
4.3
4.4
2.8
3
3.3
2.6
2.7
4
2.52
4.7
2.7
4.5
5.4
3
2.7
4.4
4.7
2.9
4.3
4.3
4.3
4.3
4.4
2.6
4.5
4.3
5.3
4.3
4.7
2.6
4.7
4.3
5.1
4.3
2.6
2.5
4.8
4.3
2.8
3
4.6
4.4
4.9
5.2
2.48
5.3
3.1
6.6
4.9
2.5
4.6
5.5
3.3
4.3
2.5
4.6
4.3
2.6
2.6
2.49
2.46
3.37
4.3
2.8
3.3
4
3.3
2.5
2.6
4.5
4.8
2.6
3
4.2
2.6
5.2
3.5
3.28
3.1
4.1
5.4
2.5
3.38
4.1
4.3
4.6
4.6
4.9
2.7
4.7
5
5.5
4.3
4.5
2.87
5.4
3.43
5
4.4
4.3
5.4
4.3
4.4
3.6
5.1
3.6
2.6
3.8
4.2
3
4
3.2
5.2
3.02
4.3
4.8
5
2.6
4.8
2.52
2.7
3.3
4.8
3.13
2.9
4.7
3
2.87
4.4
3
4.2
4.7
4.2
4.6
4.4
2.6
4.9
2.6
3
5.9
4.6
2.48
3
4.4
5.5
4.6
4.7
5.6
3.35
3.3
4.7
4.8
4.3
4.4
4
2.5
4.7
3.9
4.6
4.3
2.9
3.3
3.2
3.3
2.8
4.7
4.9
4.6
2.7
2.5
2.7
3.5
2.66
4.3
2.7
5.5
3.7
3.1
2.7
4.4
3.3
3.1
2.6
3.1
4
5.5
3.4
4.4
4.3
3
3.5
5.1
2.7
2.6
2.6
2.5
3
3.2
4.2
4.4
3